           0       1       2       3       4       5       6       7       8   \
0      0.5450  4.6975  0.0850  0.4600  0.6200  0.3750  0.0375  3.5425  0.2550   
1      3.5200  2.4275  4.0900  3.5925  1.9050  0.0850  2.3175  1.1650  4.7200   
2     -1.0000 -1.0000 -1.0000 -1.0000  4.7575  4.8175  4.7575  4.8175 -1.0000   
3     -1.0000  4.5875 -1.0000 -1.0000  2.9500  4.5400  1.7950  4.0525 -1.0000   
4      4.6250  3.6525  1.4575  1.1525  2.8400  2.9000  4.2600  3.6525  2.3900   
5      0.9575  1.6150  2.6100  0.3750  0.7275  1.4200  0.3275  2.2825  0.8375   
6     -1.0000 -1.0000 -1.0000 -1.0000  4.6475  0.0375  4.4300  4.6975 -1.0000   
7      4.2100  3.2900  4.7925  0.9475  0.4600  2.0750  4.8175  2.8525  1.2025   
8      1.5525  1.6150  0.1450  0.7775  0.3150  2.4275  1.1775  0.2675  0.5350   
9      3.2525  3.7875  3.7875  3.2525  4.1025  3.7875  4.7325  3.1300  3.2525   
10     1.7725  3.5200 -1.0000 -1.0000  1.0675 -1.0000  3.1200  1.1775 -1.0000   
11     2.8275  2.9500  3.1425  1.9050  2.6825  2.6825  2.2575  3.7500  0.6925   
12    -1.0000 -1.0000 -1.0000 -1.0000  3.9675 -1.0000  3.8950  2.6325 -1.0000   
13     4.8050  4.8175  4.8050  4.5750  4.3575  2.6100  3.3750  4.5400  3.9925   
14     4.6975  1.0550  4.0050  3.4225  4.4425  1.0425  4.6725  4.6475  1.0200   
15     1.6250  2.8875  3.0825  1.4675  3.5550  1.9300  1.7600  2.3775  3.2275   
16    -1.0000  0.1825 -1.0000 -1.0000  0.6550 -1.0000  4.6850  0.9225 -1.0000   
17     3.2900  4.4050  3.4475  4.5625  3.5550  4.4050  3.1075  2.7425  2.6325   
18     3.5550  3.4100 -1.0000 -1.0000  3.1300 -1.0000  3.5325  1.2025 -1.0000   
19    -1.0000  4.4050 -1.0000 -1.0000  0.3400  3.1075  4.7325  0.8500 -1.0000   
20     3.1425  2.3175 -1.0000 -1.0000  3.1425 -1.0000  1.4450  3.1675 -1.0000   
21     4.3200  3.8475 -1.0000 -1.0000  1.4450 -1.0000  4.7325  3.3750 -1.0000   
22     3.1800  3.5425  4.1250  1.6150  1.6750  3.2150  4.2600  3.7375  4.0425   
23     3.0225  0.6075  3.5425  0.4000  0.9225  3.8350  1.2025  1.2375  0.4500   
24     1.5175  2.2075  3.0700  2.3900  1.9300  3.0950  1.5175  3.6275  2.4150   
25    -1.0000  3.8725  3.3625 -1.0000  2.5375  3.6900  2.5250  3.5325  4.5025   
26    -1.0000  3.9575 -1.0000 -1.0000  3.8350 -1.0000  1.3825  3.0450  1.5050   
27     2.6225  2.5375  2.5375  0.1100  0.0600  0.0975  2.5725  2.9125  1.3475   
28    -1.0000 -1.0000 -1.0000 -1.0000  2.0750 -1.0000  4.7075  2.0275 -1.0000   
29    -1.0000  3.5200 -1.0000 -1.0000  3.9675 -1.0000  2.6100  3.0700 -1.0000   
...       ...     ...     ...     ...     ...     ...     ...     ...     ...   
15970  4.7700  1.4675  4.6250  4.7925  2.6700  2.2925  3.3500  1.8925  4.7200   
15971  2.9000  3.1675  3.2650  3.3125  2.3550  3.4100  2.4875  1.1650  1.9175   
15972  2.9975  3.2900  0.1575  0.4375  3.4350  2.3300  3.0700  1.5300  2.4875   
15973  3.7375  3.3000  3.7025  3.1425  3.2775  2.1475  0.6925  3.1925  4.5875   
15974  2.1850  2.7925  2.1475  1.8325  2.9975  2.8525  0.3525  2.4525  1.7000   
15975 -1.0000 -1.0000 -1.0000 -1.0000  2.3900 -1.0000  1.7100  2.6225 -1.0000   
15976 -1.0000  4.5625  4.4900  4.5275  4.3575  4.6000  3.7750  2.5375 -1.0000   
15977  4.4300  0.5950  4.0650  3.1675  0.0850  2.5850  4.7450  3.2650  4.7700   
15978  4.3450  3.3250  3.5325  0.2550  4.6975  4.1500  0.0850  4.7925  4.2100   
15979 -1.0000  0.8125 -1.0000 -1.0000  1.8450  0.7050  0.9225  0.8850 -1.0000   
15980  2.2200  0.9950  2.1975  1.4575  1.3950  3.9200  4.0175  4.2350  2.5600   
15981  4.6350  4.4300  3.7500  3.3375  2.6700  2.8525  2.3675  0.4725  2.8650   
15982  3.8600  3.9925  4.3575  3.1200  1.9775  2.4025  0.8375  3.3850  1.3225   
15983  3.7750  3.8950  2.9000  1.4200  3.1800  3.6650  1.7000  4.7700  3.2650   
15984 -1.0000 -1.0000 -1.0000 -1.0000  2.0150 -1.0000  2.0500  3.7500 -1.0000   
15985 -1.0000 -1.0000 -1.0000 -1.0000  2.5850  3.9075  1.7950  2.9500 -1.0000   
15986  1.1650  4.1250  3.7375  2.3425  1.3100  4.5150  3.5800  2.8150  3.8225   
15987 -1.0000 -1.0000 -1.0000 -1.0000  4.0900 -1.0000  3.9075  4.5025 -1.0000   
15988  3.6900  0.3650  2.7550  4.6850  2.5850  4.3700  2.0025  1.5300  4.4550   
15989  3.1200  0.1700  4.1750  0.2300  3.1200  2.7175  2.2325  2.3900  2.6325   
15990 -1.0000  3.5550 -1.0000 -1.0000  0.1325 -1.0000  2.5375  3.5800 -1.0000   
15991  4.0050  2.7925  3.4825  0.8375  1.9175  3.6900  2.7675  2.1975  2.5725   
15992  2.9600  3.6650  4.0175  4.3800  4.4775  2.9500  4.5150  3.4100  2.7425   
15993  2.7075  1.2750  2.6700  0.7050  2.5850  1.4200  0.9575  4.0300  1.1050   
15994  0.1575  0.1575  0.1575  0.1825  0.0475  3.2900  0.0375  0.7525  2.2575   
15995 -1.0000 -1.0000 -1.0000 -1.0000  3.4825 -1.0000  4.3075  2.6825 -1.0000   
15996  0.1225  0.4600  4.4425  0.2550  1.0675  4.3700  0.3150  4.5025  0.3750   
15997 -1.0000  3.4225  2.4525 -1.0000  4.0050  2.9725  0.8975  2.8275 -1.0000   
15998  4.3700  4.1875  4.4650  1.1650  4.4050  3.1675  4.5500  4.6725  1.9050   
15999  3.3250  3.7125  3.7025  1.7100  4.0425  2.7675  2.8025  3.6650  2.3775   

           9    ...        90      91      92      93      94      95      96  \
0      1.3100   ...    3.2050 -1.0000 -1.0000 -1.0000 -1.0000 -1.0000  1.0925   
1      4.8050   ...    3.2050  1.2625  2.4275  4.4650  2.4525  1.9650  3.2650   
2     -1.0000   ...   -1.0000 -1.0000 -1.0000  4.7700 -1.0000 -1.0000 -1.0000   
3      2.9600   ...   -1.0000 -1.0000 -1.0000  2.6325 -1.0000 -1.0000 -1.0000   
4      3.9325   ...    3.7975  3.8950  3.5675  3.7975  3.9325  2.8875  3.2775   
5      2.0500   ...    1.6150  0.7775  2.3300  1.7600  1.9550  1.6625  2.5125   
6     -1.0000   ...   -1.0000 -1.0000 -1.0000 -1.0000 -1.0000  3.0825 -1.0000   
7      1.3950   ...    4.3075  2.2200  2.4750  1.0800  1.7100  1.6625  3.0350   
8      2.1000   ...    3.5925  2.4275  3.5425  2.4275  2.4275  2.4275  2.4275   
9      4.5400   ...   -1.0000  3.6175 -1.0000 -1.0000 -1.0000 -1.0000 -1.0000   
10     2.8650   ...   -1.0000  4.0425 -1.0000 -1.0000 -1.0000 -1.0000 -1.0000   
11     2.1600   ...    2.8650  2.9250  2.5725  1.6750  3.3625  3.8600  3.5200   
12     4.2850   ...   -1.0000 -1.0000  4.3800 -1.0000 -1.0000 -1.0000 -1.0000   
13     4.7450   ...    4.5275  2.2450  3.8950  4.2100  3.8825  1.0200  4.5500   
14     4.3800   ...    3.1800  1.1275  0.3525  4.6725  0.3150  1.7475  4.5750   
15     2.9975   ...    3.2775  2.9250  2.5600  1.0200  4.3200  2.1600  3.4350   
16     3.0825   ...   -1.0000 -1.0000 -1.0000 -1.0000 -1.0000 -1.0000 -1.0000   
17     2.7075   ...    2.7075  3.9200  3.4225  2.5475  2.5725  3.3975  2.6225   
18     4.4775   ...   -1.0000  2.5125 -1.0000 -1.0000 -1.0000 -1.0000  2.9125   
19     0.1325   ...   -1.0000 -1.0000 -1.0000 -1.0000 -1.0000 -1.0000 -1.0000   
20     2.1725   ...   -1.0000  2.8275 -1.0000 -1.0000 -1.0000 -1.0000  2.7550   
21     4.0300   ...   -1.0000  2.1125 -1.0000 -1.0000 -1.0000 -1.0000  2.5725   
22     4.7325   ...   -1.0000  1.6625 -1.0000 -1.0000 -1.0000  3.1675 -1.0000   
23     3.0700   ...    3.2650  4.5625  4.6250  0.1225  4.6125  4.5400  4.4550   
24     4.4425   ...   -1.0000 -1.0000 -1.0000 -1.0000 -1.0000 -1.0000  2.1250   
25     3.6900   ...   -1.0000 -1.0000 -1.0000 -1.0000 -1.0000 -1.0000 -1.0000   
26     1.6875   ...   -1.0000 -1.0000  3.6175 -1.0000 -1.0000 -1.0000 -1.0000   
27     1.3225   ...   -1.0000 -1.0000 -1.0000 -1.0000  2.2575 -1.0000 -1.0000   
28    -1.0000   ...    2.5600 -1.0000 -1.0000 -1.0000 -1.0000 -1.0000 -1.0000   
29    -1.0000   ...   -1.0000 -1.0000 -1.0000 -1.0000 -1.0000 -1.0000 -1.0000   
...       ...   ...       ...     ...     ...     ...     ...     ...     ...   
15970  4.7575   ...    0.7275  3.8825  3.7025  2.8875  1.1050  1.1525  4.0425   
15971  3.2650   ...    2.3050  0.0600  3.6400  3.2150  3.0225  3.1075  2.3050   
15972  0.1950   ...    4.8050  3.8350  4.1375  4.3450  4.2225  3.1200  3.6775   
15973  3.1200   ...    3.5325  2.1125  3.3125  3.5675  3.7025  3.0825  2.7925   
15974  4.4425   ...    0.7150  0.8000  0.3750  0.6925  0.8125  0.7650  0.2075   
15975 -1.0000   ...   -1.0000  2.6575 -1.0000  1.7725 -1.0000 -1.0000 -1.0000   
15976  2.8525   ...   -1.0000 -1.0000 -1.0000 -1.0000 -1.0000 -1.0000 -1.0000   
15977  3.2400   ...    4.7700  4.6975  2.1975  4.7925  4.7925  4.1625  0.9825   
15978  3.1075   ...    2.8875  2.7425  1.7725  4.6350  2.8275  2.8400  4.6975   
15979  0.8375   ...   -1.0000 -1.0000 -1.0000 -1.0000 -1.0000 -1.0000 -1.0000   
15980  3.9200   ...   -1.0000 -1.0000 -1.0000 -1.0000 -1.0000 -1.0000 -1.0000   
15981  3.9200   ...    3.0100  3.7125  3.0225  4.3925  3.7125  3.5800  4.7325   
15982  3.6525   ...    2.5600 -1.0000 -1.0000  3.1675 -1.0000 -1.0000  2.8525   
15983  4.8175   ...    2.6575  2.6325  0.0600  3.2525  2.5000  3.1925  3.4225   
15984 -1.0000   ...   -1.0000 -1.0000 -1.0000 -1.0000 -1.0000 -1.0000 -1.0000   
15985 -1.0000   ...   -1.0000 -1.0000 -1.0000 -1.0000  3.6050 -1.0000 -1.0000   
15986  3.7250   ...    3.1550  1.4575  2.5375  2.2575  0.5575  0.8375  0.7400   
15987 -1.0000   ...   -1.0000 -1.0000  2.9600 -1.0000 -1.0000 -1.0000 -1.0000   
15988  3.1800   ...   -1.0000 -1.0000 -1.0000 -1.0000 -1.0000 -1.0000  2.4625   
15989  2.2925   ...    3.2400  2.4525  3.1200  3.0825  4.6250  2.8525  3.1200   
15990 -1.0000   ...   -1.0000 -1.0000 -1.0000 -1.0000 -1.0000 -1.0000 -1.0000   
15991  1.8925   ...    2.2700  1.0325  1.1900  3.1425  3.1300  2.9250  2.9850   
15992  3.5675   ...    3.5800  3.3975  3.3250  2.7075  2.7300  3.3250  2.5975   
15993  3.8600   ...    2.8525  1.1900  2.3425  2.8750  2.5000  1.1400  0.5450   
15994  0.0125   ...    4.7925  2.7300  2.3550  4.7925  4.8050  4.3575  0.0600   
15995 -1.0000   ...   -1.0000 -1.0000 -1.0000 -1.0000 -1.0000 -1.0000 -1.0000   
15996  4.5500   ...    4.3450  4.3325  4.3575  4.6125  4.6350  4.3200  4.7200   
15997  2.9250   ...   -1.0000 -1.0000 -1.0000 -1.0000 -1.0000 -1.0000 -1.0000   
15998  2.4625   ...    4.4050  2.3675  4.4775  2.3675  0.6550  2.4400  1.1050   
15999  3.8950   ...   -1.0000 -1.0000 -1.0000 -1.0000 -1.0000 -1.0000 -1.0000   

           97      98      99  
0     -1.0000 -1.0000 -1.0000  
1      2.5850  1.4200  2.7675  
2     -1.0000 -1.0000 -1.0000  
3     -1.0000 -1.0000 -1.0000  
4      4.1375  2.9500  2.9000  
5      0.2300  1.2375  1.6375  
6     -1.0000 -1.0000 -1.0000  
7      2.4875  2.8275  2.5000  
8      2.4275  1.6500  1.2625  
9     -1.0000 -1.0000 -1.0000  
10    -1.0000 -1.0000 -1.0000  
11     3.1200  3.6275  3.6650  
12    -1.0000 -1.0000 -1.0000  
13     4.7450  0.4600  4.1250  
14     1.2975  1.9050  1.0075  
15     3.2050  1.7850  3.3625  
16    -1.0000 -1.0000 -1.0000  
17     4.5150  2.6225  4.4050  
18    -1.0000 -1.0000 -1.0000  
19    -1.0000 -1.0000 -1.0000  
20    -1.0000 -1.0000 -1.0000  
21     1.3475 -1.0000 -1.0000  
22    -1.0000 -1.0000 -1.0000  
23     4.6250  4.5875  0.4125  
24     0.9825  2.8150  2.5250  
25    -1.0000 -1.0000 -1.0000  
26    -1.0000 -1.0000 -1.0000  
27    -1.0000 -1.0000 -1.0000  
28    -1.0000 -1.0000 -1.0000  
29    -1.0000 -1.0000 -1.0000  
...       ...     ...     ...  
15970  2.4275  4.7925  4.7700  
15971  3.0450  3.0825  2.6950  
15972  2.9500  2.9850  3.0700  
15973  2.7925  2.7550  3.2275  
15974  0.7275  0.3650  1.6750  
15975 -1.0000  1.7100 -1.0000  
15976 -1.0000 -1.0000 -1.0000  
15977  1.1050  1.5650  0.1100  
15978  0.1325  1.3600  0.3025  
15979 -1.0000 -1.0000 -1.0000  
15980 -1.0000 -1.0000 -1.0000  
15981  3.7750  2.8400  3.7875  
15982  2.8525  2.7175  3.5075  
15983  1.6250  3.2275  3.0825  
15984  2.2700 -1.0000 -1.0000  
15985 -1.0000 -1.0000 -1.0000  
15986  2.6225  0.4850  1.2875  
15987 -1.0000  4.2950 -1.0000  
15988  4.4650  4.4900  1.9650  
15989  0.1700  3.2150  1.2875  
15990 -1.0000 -1.0000 -1.0000  
15991  1.0675  1.6500  3.1200  
15992  4.3925  0.2075  3.5325  
15993  0.0475  0.5950  0.8975  
15994  4.8175  3.8350  3.8600  
15995 -1.0000  2.8275 -1.0000  
15996  2.7175  4.3925  4.4050  
15997 -1.0000 -1.0000 -1.0000  
15998  0.4850  2.2200  2.5850  
15999 -1.0000 -1.0000 -1.0000  

[16000 rows x 100 columns]
